User0 -3 -5 -2 -2 -3 4 2 1 -2 -5 -5 -1 3 -2 3 -5 1 -2 -4 1 3 -5 4 4 4 -4 -1 4 -1 -4 -3 0 -5 -5 4 0 4 3 -5 0 3 -1 3 -2 4 -2 2 -1 -3 -1 2 2 4 -5 3
User1 3 -2 0 -5 -1 3 3 -4 -1 -3 3 -2 -4 1 4 1 0 -5 2 1 2 3 -2 -4 3 -3 1 -3 4 4 0 -3 1 -3 -2 4 -5 -2 -3 -1 -3 -3 1 -4 3 -1 2 1 2 0 -2 -3 0 1 -3
User2 2 3 1 -3 1 -5 -5 -2 3 2 3 0 -1 -5 -5 4 -3 2 -1 -4 4 -2 1 -2 -4 2 4 -3 4 3 3 2 -2 0 3 -5 -3 2 1 -5 -5 -2 -4 -4 4 -3 3 3 3 -1 -2 -4 2 -1 1
User3 4 -1 0 1 -4 -4 -2 -3 -1 1 3 -4 -5 2 -1 1 3 4 3 -4 3 -4 2 -5 3 -2 2 -4 -3 0 -2 3 1 -3 2 -3 1 4 3 -5 1 -3 -2 -1 -1 4 4 4 2 -5 3 -5 4 3 3
User4 -5 -4 -1 1 1 -4 2 -4 2 -4 3 3 -2 -3 4 1 4 2 -5 -5 -5 2 4 -5 -1 -2 -3 -5 1 3 -3 2 -5 -1 -3 3 2 -3 3 3 3 -2 0 3 0 0 -3 -5 -3 -5 3 1 -1 -5 4
User5 -4 4 -1 -2 -3 -1 -2 4 4 -4 -3 -5 -1 4 0 -1 -4 3 1 3 -2 3 4 1 0 2 2 2 -4 -4 -3 -3 -4 3 -3 1 -5 -3 3 -2 3 2 -2 0 3 1 4 1 0 0 -3 -1 -2 -1 -4
User6 -2 -5 2 -5 0 -2 0 2 -3 -3 1 -1 -1 -1 1 0 -1 2 -4 -3 3 4 3 -5 4 -1 4 4 3 -5 -5 1 -4 -5 3 -4 -2 3 -2 0 -3 -4 1 -5 -1 -1 -2 -4 -3 1 -1 -1 1 -5 -5
User7 -5 -2 4 -2 -3 2 -2 -1 2 3 -3 -1 4 4 -3 4 -1 -3 2 4 1 -4 1 -1 -3 -4 0 1 3 -1 0 3 4 -2 -3 1 2 4 0 -4 0 3 1 4 2 -5 2 -4 1 1 -5 2 4 1 4
User8 -2 1 4 0 -1 -5 -5 -2 3 -5 3 4 -1 -3 0 1 -2 4 -4 2 0 -3 0 -1 -3 -3 -1 4 3 1 -3 4 3 -3 3 3 -3 3 0 -1 -4 -3 1 -2 -1 -5 0 4 -5 -1 -4 -1 1 -1 2
User9 -4 1 2 -5 -5 0 -3 -5 3 0 3 -1 2 4 3 0 -2 -3 3 -2 2 -1 -1 3 0 4 3 -3 4 -5 3 0 3 -5 4 -1 4 2 0 -4 0 2 -2 4 -5 -1 -4 4 1 -2 1 0 2 -1 -2
User10 -5 -5 -1 2 2 2 -4 2 -5 2 1 -1 -1 -5 -3 1 -3 -4 -4 2 -2 2 2 2 0 0 1 4 -3 -1 -1 4 -3 4 -5 -5 -5 -4 -2 4 4 -5 -5 -5 -5 -4 -5 -3 -1 -5 0 -5 1 1 1
User11 -3 3 2 -1 -3 4 -4 -3 -2 -1 1 2 3 -3 -3 -4 -1 -5 -1 4 -2 -3 -4 -5 0 1 2 0 -3 2 -3 -1 0 0 1 2 0 0 4 1 -3 1 3 0 -2 -4 0 -2 -4 -3 4 -5 3 3 3
User12 -4 3 0 -1 -3 4 -5 -4 1 0 -2 -3 -3 -5 -3 0 -4 -1 -2 -1 0 -3 1 2 -3 -5 -4 2 2 0 1 4 -2 -1 4 -2 -3 1 1 -3 -1 2 4 -4 -3 -2 -4 3 -1 -1 1 0 -5 1 -4
User13 2 -2 0 1 -5 1 1 4 4 -2 0 -2 2 -2 -1 -5 -1 -4 3 1 0 3 -3 0 -5 -5 2 3 4 -3 -3 4 4 -1 -5 0 3 -5 -1 -4 -2 -3 3 -2 -1 -2 2 -1 3 2 -1 -2 -5 0 -1
User14 1 1 -2 -5 3 -4 -2 3 2 -3 4 4 0 4 -2 0 4 -1 3 -5 -5 -2 -5 -4 2 3 3 -4 4 -5 -3 3 2 2 0 -2 2 -4 1 1 2 -4 0 -3 -1 -4 -3 3 1 -3 0 -2 -1 0 1
User15 3 3 -4 1 1 -4 -3 3 1 -1 3 1 -3 -1 2 -2 -3 3 -4 -2 -1 -4 0 0 2 -1 1 1 -5 -1 2 0 1 0 1 -1 -3 -3 3 -3 0 2 3 2 3 -4 0 0 -4 -2 2 -4 3 -1 4
User16 1 3 3 4 1 3 2 1 -2 -1 1 3 -2 3 -2 -5 0 1 -2 2 -4 0 3 -4 -2 -2 -1 0 -3 3 3 -4 -3 -4 2 1 0 -5 -1 3 1 -3 -4 -5 -3 4 1 -4 2 3 1 3 -4 -4 1
User17 3 3 -1 -4 3 -4 0 -5 -3 1 -1 -2 -5 -3 1 2 -1 1 2 -3 2 -5 -2 -2 -5 -4 -2 0 1 1 -5 -3 -3 -4 -2 2 0 -1 4 4 -5 3 -1 2 2 -1 4 3 -5 4 -2 -1 -3 4 0
User18 4 2 -3 -2 1 3 1 -5 -3 2 0 -5 -4 -2 0 2 1 0 1 3 -1 3 0 -1 -1 -5 -5 1 -3 -4 -1 3 -3 2 4 1 4 -2 0 -4 -2 2 2 -2 2 -2 -2 -5 1 -2 0 3 -5 3 -2
User19 4 -5 -3 -2 -4 1 2 2 3 -2 -3 -1 2 3 -4 -2 -4 4 -1 -1 2 3 0 0 1 3 -5 2 -3 4 -1 -4 4 1 3 -3 -3 -1 2 4 -2 -4 0 -4 -3 4 4 -2 1 -5 2 2 1 -4 3
User20 -4 3 0 -1 -2 -5 3 0 -1 0 -5 4 -5 -4 1 2 -4 -3 1 -3 -3 -4 -1 -2 -3 3 -4 -1 3 1 3 0 -5 2 -3 2 -2 1 1 3 -3 -2 -2 0 -5 -1 -2 3 4 -2 2 1 -4 0 -5
User21 -4 -4 -4 2 0 -3 1 -3 0 0 1 0 -3 -4 -4 -4 1 -3 -3 -1 3 1 -4 -4 3 -5 -1 -3 -5 0 -3 -2 4 -3 2 0 3 4 -3 1 4 3 1 2 2 1 -4 -5 2 4 4 -1 1 1 -4
User22 1 4 1 -2 -5 -3 -3 4 -3 4 0 3 0 0 -2 1 -5 0 2 4 -1 -5 3 4 1 -2 2 -1 0 2 2 2 0 -2 0 1 -5 1 4 1 -2 -5 -1 -3 -4 1 4 -1 0 -3 0 0 4 0 -1
User23 -2 -2 1 -5 -1 -3 -5 -2 -2 -3 1 -4 -4 4 -4 -3 1 -3 3 -4 2 -2 3 -3 4 -4 -2 2 4 -5 -5 2 0 1 -2 4 3 -2 2 3 2 3 -4 1 3 -1 -5 -4 -3 -5 3 1 4 0 -2
User24 -5 -2 1 4 2 -1 1 1 4 -4 -2 1 -4 3 0 3 2 -2 -4 1 1 -4 2 4 2 4 2 4 -3 -4 3 4 -2 -3 3 4 -1 0 -4 0 -5 -4 0 -5 3 4 3 2 4 4 -2 1 1 0 -5
User25 4 3 4 3 4 2 -3 -2 -5 -3 -4 0 3 0 0 -1 0 -3 -2 -3 -5 3 -5 -2 1 3 3 -1 -5 4 -3 3 3 -4 -1 -5 4 1 -5 2 -3 2 -1 -4 4 1 -1 2 -1 -3 -4 4 -2 -5 -5
User26 -2 -3 3 -5 -3 4 -3 3 4 0 2 2 2 -1 -5 -5 -4 -3 -3 -4 -1 1 0 2 4 4 4 3 3 -3 2 1 -4 0 -3 4 2 1 -2 1 -4 -1 4 -3 0 2 2 3 -1 -1 3 4 1 1 2
User27 -2 0 -5 0 0 4 3 -3 3 -3 1 -1 -5 -2 2 -5 2 4 1 1 -2 -3 2 -5 0 -3 3 3 3 0 -3 4 3 -1 -5 -3 1 -5 0 4 3 -2 -5 4 -4 -5 -2 -4 -4 0 -1 -2 4 3 4
User28 -2 1 3 1 -3 3 2 -5 4 3 -4 3 -3 -2 0 -5 -5 -2 4 -1 -2 -4 -2 -2 -2 2 -5 1 1 -2 -4 1 -5 -1 4 3 1 -5 -3 4 -2 -3 -4 -5 3 -4 -1 -3 -1 3 -2 -4 -1 -3 1
User29 -1 0 -1 -1 -1 0 1 4 -1 -4 3 3 4 -4 -5 0 -1 -3 -1 4 -5 4 -4 -4 2 1 -3 1 -2 -2 -3 -3 2 -1 -2 -4 -2 -3 -2 1 1 1 3 4 4 -2 3 -1 1 -2 -1 -4 -2 4 4
User30 -3 3 -2 -3 -5 2 -5 2 -4 3 4 3 -1 2 4 -2 -1 2 0 -3 2 1 3 -1 -1 -3 -5 -1 -3 4 -3 -1 4 2 -2 -1 4 2 1 -2 4 3 1 3 -2 1 3 -2 -1 -1 -2 2 -1 1 -4
User31 0 2 -4 1 3 3 -1 -4 -4 -2 -1 -3 3 1 4 1 2 -2 2 4 1 3 3 -4 -3 4 3 4 -3 2 0 0 -3 -1 -1 -5 -5 -3 -5 4 2 1 -5 -1 0 -4 -5 -1 1 -4 -2 -1 -3 -1 0
User32 4 1 2 -4 -5 -5 0 1 -5 -1 0 -2 -3 -3 -5 2 -3 -3 2 -1 3 -5 -3 1 -1 1 -5 3 1 -4 -3 -4 -3 -4 2 1 3 1 -2 3 -1 -2 3 -2 2 -3 0 2 -3 -3 3 -1 3 -1 -4
User33 -5 3 -2 2 3 1 -5 -5 -5 -5 -4 4 -3 0 3 -5 2 3 1 0 2 2 -5 4 -4 -4 2 3 -5 1 -5 0 -2 4 4 -1 -1 2 -2 -1 -2 3 -1 -1 -3 -4 4 3 0 1 -5 -4 3 -3 3
User34 -4 0 1 -3 -4 -1 -1 -5 -1 -1 -3 3 4 -1 4 -4 -2 -3 -3 -2 -1 0 -4 -3 4 3 4 4 -2 0 -1 -5 2 2 3 2 -3 -2 4 4 -1 3 0 -4 1 0 1 0 0 2 -5 -1 -1 2 -5
User35 4 -5 -2 4 2 0 -5 -4 -4 -1 -4 4 -1 -1 3 4 -1 1 0 3 1 -2 -3 0 0 -3 1 -1 4 -5 0 4 3 0 1 -3 -2 -2 -1 4 4 -2 0 -2 -5 4 2 4 -2 0 1 -3 1 -1 0
User36 4 -3 4 0 -5 -4 -5 1 0 3 -3 3 4 -1 1 1 4 -1 -4 3 -4 4 4 1 -2 -4 -3 2 -2 -2 2 0 2 -4 1 0 -5 3 -1 4 -1 -2 -1 -2 0 1 0 2 -1 -2 2 -5 1 0 -1
User37 3 4 -3 -3 -3 -4 -2 4 -4 -2 -4 -5 1 -5 -2 -1 -4 -5 4 -4 4 -3 0 1 3 -1 4 3 4 -1 4 -3 0 2 -2 -3 -4 -2 4 4 3 4 -5 2 3 -2 1 1 -1 2 1 -5 0 -5 -2
User38 -4 2 -4 -1 -4 -2 4 2 -2 2 -1 0 -4 2 1 -4 2 -4 -3 0 3 -4 -1 4 -5 -2 -3 3 -5 3 1 -3 -5 2 -4 -2 2 -5 -2 -4 2 -2 -1 -3 -1 -3 -1 0 -1 -4 0 -2 2 -1 -5
User39 -3 -5 0 -5 0 -1 -1 1 3 -5 -2 1 2 -4 0 0 -1 -3 -4 0 -3 -5 0 -2 0 0 2 1 -1 0 0 3 4 -5 -2 1 4 -1 3 -2 -4 0 -3 -5 -2 0 3 -5 -3 1 -5 2 3 4 4
User40 -5 2 -1 -2 -4 -4 4 4 0 -5 -5 -5 -3 -3 3 1 0 1 -3 0 1 1 3 2 -1 0 1 -3 2 -3 -5 -4 0 -1 1 -1 4 4 3 -2 0 0 4 -2 1 -3 0 0 -5 2 -4 -3 0 -1 -5
User41 1 4 -4 -4 -1 -5 3 4 -1 2 -4 0 2 2 -3 4 -5 4 -4 0 3 -1 1 3 -4 4 4 -4 1 -4 4 -5 4 1 2 -2 -2 4 -2 -4 -3 -4 -1 -2 4 -3 0 -4 -4 4 4 4 -1 1 -2
User42 -1 -4 2 1 3 0 -1 3 1 0 4 0 4 4 1 -1 1 -5 2 4 1 -2 -1 -2 0 3 2 -2 4 3 1 -4 -1 3 -3 3 1 2 -1 -1 2 -4 -3 -4 4 2 2 0 4 -3 -4 -1 3 0 0
User43 3 -1 3 -3 4 1 3 4 2 4 3 -5 -4 -2 -3 4 1 4 4 -1 1 -4 0 -4 -4 -5 -1 0 -2 -1 -3 3 -2 4 -2 -5 -1 1 -5 -4 0 -5 -2 -1 2 -2 3 -2 2 -1 2 3 -3 -3 2
User44 -2 2 -2 -3 3 2 1 0 3 -2 2 0 -3 3 -1 -2 2 -1 -4 3 -1 -2 3 -5 -4 -4 -4 0 3 -5 -1 0 -5 2 -4 -2 3 1 -5 -3 2 -5 4 -3 2 -1 -2 4 -5 0 3 4 1 1 3
User45 1 -2 4 3 -5 3 1 -5 4 -1 -5 -3 -2 4 -1 -3 3 -2 0 2 4 -4 -5 -4 -4 1 3 -3 -1 -2 1 0 -4 -5 1 -2 1 -4 -2 -5 -3 -4 0 3 -3 0 -3 4 0 3 2 3 -3 -5 -3
User46 -3 -1 -3 -1 -2 -2 1 -2 0 -1 4 -5 -4 -1 -2 -1 -5 -3 -5 2 -3 3 -5 1 -2 1 -3 0 -1 0 -5 4 -3 -4 3 3 -1 3 2 -2 -3 2 3 -2 -2 -1 2 -3 -3 3 -3 -2 2 -2 -1
User47 -2 3 -4 4 0 1 1 3 0 0 -4 1 0 0 -2 -3 3 -1 -2 -1 3 4 3 3 4 3 -4 -4 4 -4 -1 -2 4 1 2 1 1 -1 2 -1 -1 -2 1 -3 -3 -4 3 2 0 -5 -3 -4 0 4 2
User48 1 4 3 3 2 -4 -1 1 -1 -5 0 4 -5 -4 0 4 1 -3 -5 2 3 -4 -5 -5 2 -4 -5 3 -2 -3 -1 1 0 2 4 -1 0 3 -4 2 -3 -3 -5 -2 4 1 1 -2 1 -3 -4 4 1 -1 4
User49 4 0 1 2 4 -3 2 -1 0 4 0 -2 -2 -5 -2 3 1 3 -2 -4 -1 -2 -1 3 -2 -3 -1 -2 -1 0 -3 -2 2 4 -4 -4 2 3 -5 2 2 4 4 0 3 3 4 2 -5 -2 -3 2 2 -3 -2
User50 1 -5 -3 3 3 -2 -1 -2 -4 -1 -5 2 -4 -4 -4 -4 1 1 -2 -1 4 -1 -5 4 0 0 1 -5 2 0 -1 -1 0 0 2 -4 -4 -3 1 0 3 -3 -3 -2 -2 0 1 3 4 -2 -4 -1 0 1 -4